크기,퀵정렬(QuickSort),병합정렬(MergeSort)
2,1,1
3,3,3
4,6,4
5,10,7
6,15,9
7,21,11
8,28,12
9,36,16
10,45,19